kinematics:
  shoulder:
    x: 0
    y: 0
    z: 0.1280961124553704
    roll: -0
    pitch: 0
    yaw: -6.828266172094943e-05
  upper_arm:
    x: 2.522718279201114e-05
    y: 0
    z: 0
    roll: 1.570777592791586
    pitch: 0
    yaw: -4.270529411964628e-05
  forearm:
    x: -0.6123904551687731
    y: 0
    z: 0
    roll: 3.134271205769032
    pitch: 3.14051674453272
    yaw: -3.141520207028462
  wrist_1:
    x: -0.5713006513933218
    y: 0.0004050905610559837
    z: 0.1635716633928298
    roll: 3.139116126026965
    pitch: -3.1408926552688
    yaw: 3.141579523189561
  wrist_2:
    x: 0.000136652265535865
    y: -0.1155038619472335
    z: 4.486998637927444e-05
    roll: 1.570407855073123
    pitch: 0
    yaw: -7.44851258184954e-05
  wrist_3:
    x: -5.775409673237437e-06
    y: 0.0920938859571626
    z: 4.749454484871e-05
    roll: 1.571312045511122
    pitch: 3.141592653589793
    yaw: 3.141562236070864
  hash: calib_7896859232669431128